body_to_camera: {
  qx: 0.0,
  qy: 0.3826834,
  qz: 0.0,
  qw: 0.9238795,
  tx: 0.08,
  ty: -0.03,
  tz: 0.0 }
